0.00909
0.0069
0.0043
5e-06
0.00014
0.288
0.82
0.983
0.07
0.07
0.0033
0.037
0.011
0.016
0.777
2.59
4.78
0.96
0.15
0.11
2.8
1.4
0.013
0.035
0.01
0.027
3
0.18
9.86
6.25
3.16
0.01
0.334
1.24
80
36
3.9
90
350
350
116
350
100
672
110
5.02
0.019
0.12
0.13
0.164
0.015
0.0151
0.137
0.24
0.44
0.013
0.73
0.15
1.83
122
1.42
11.3
18.4
0.282
0.05
0.008
9
10.8
0.29
0.69
500
0.0105
0.0041
0.0022
0.015
0.03
0.685
4.77
0.85
5.3
0.188
0.861
0.251
0.48
1.8
1.27
1.36
1.19
0.614
0.298
0.838
0.057
0.163
0.583
0.181
0.397
6.12
9.14
1.56
0.447
0.23
0.132
0.025
0.15
2.28
0.23
0.05
7.73
0.097
5.51
3.5
70
1.59
13.4
0.98
1.21
3.57
1.13
160
1.89
2.94
2.7
0.22
0.448
0.767
0.44
0.393
0.6
0.95
3
230
0.641
0.64
0.64
2.09
0.03
0.065
0.015
2.2
3.05
3.05
5.57
1.76
0.1
0.03
0.01
1.99
1.31
2.8
0.483
0.9
0.093
0.339
0.412
0.168
0.05
0.068
0.054
1.65
0.7
8.56
0.141
23
1.1
5.56
0.324
1.51
0.15
2.73
2.43
0.325
0.46
0.318
0.28
12.2
34.3
4.8
1.6
0.212
0.01
4.33
0.08
1.2
0.691
0.54
1.98
2.92
382
23.8
0.05
0.064
0.09
0.064
90
17
12.3
1.1
0.021
1.2
4.5
1.54
1.7
0.6
57.8
1.3
401
18
1.1
1.1
0.4
0.082
0.092
15
