4.060681e-14
1.666857e-15
6.346787e-14
1.498707e-16
2.25894e-17
2.25894e-17
5.734901e-15
1.920822e-14
2.573293e-15
1.920822e-14
5.202088e-15
1.765222e-13
4.060681e-14
4.010289e-15
1.590935e-12
4.892737e-14
1.498707e-16
3.44088e-17
1.188101e-13
3.44088e-17
2.099798e-07
9.394672e-08
6.956183e-08
7.137219e-09
6.431421e-07
9.43705e-07
5.749964e-06
5.454543e-06
9.27718e-05
3.7e-07
4.9e-09
1.714278e-05
9.394672e-08
4.897953e-08
2.099798e-07
2.509452e-08
3.457514e-05
1.182719e-05
5.806373e-05
8.064938e-06
5.437377e-06
8.127535e-08
0.0001810721
9.27718e-05
5.070428e-05
2.902141e-05
0.027
0.000505105
4.987006e-05
2.035868e-05
0.0002816134
2.035868e-05
7.287438e-05
2.035868e-05
0.0002816134
0.0008378594
2.035868e-05
0.001008042
0.0002816134
0.001008042
1.182719e-05
3.457514e-05
0.000217374
1.182719e-05
5.047659e-06
5.047659e-06
5.047659e-06
7.402367e-06
4.045752e-06
7.369126e-07
8.757316e-06
1.438307e-06
5.047659e-06
5.047659e-06
4.045752e-06
0.0001482269
5.047659e-06
4.045752e-06
0.0006354626
1.177408e-06
5.047659e-06
1.177408e-06
9.27718e-05
5.047659e-06
3.047673e-06
7.047659e-06
5.047659e-06
3.159213e-06
2.176943e-06
2.386689e-06
7.402367e-06
5.047659e-06
5.047659e-06
2.386689e-06
7.008626e-05
0.001705069
7.402367e-06
5.047659e-06
7.402367e-06
2.163979e-05
1.182719e-05
7.402367e-06
4.045752e-06
5.047659e-06
2.163979e-05
7.402367e-06
2.902141e-05
4.045752e-06
1.726663e-06
2.995633e-06
1.177408e-06
0.006383291
7.402367e-06
1.177408e-06
1.726663e-06
1.177408e-06
2.245736e-06
1.726663e-06
1.904366e-07
5.070428e-05
2.163979e-05
3.457514e-05
5.070428e-05
2.163979e-05
2.64349e-05
2.163979e-05
9.27718e-05
3.457514e-05
0.000217374
1.182719e-05
2.163979e-05
8.757316e-06
0.003018217
7.402367e-06
5.070428e-05
5.070428e-05
0.0003771279
5.047659e-06
3.457514e-05
5.047659e-06
5.047659e-06
5.047659e-06
5.047659e-06
2.902141e-05
5.047659e-06
1.03394e-06
4.386538e-05
5.070428e-05
4.386538e-05
5.070428e-05
5.047659e-06
9.27718e-05
0.000217374
7.008626e-05
0.0001360494
4.064002e-05
0.0003977214
0.0003004664
5.070428e-05
7.402367e-06
1.182719e-05
4.721998e-05
0.0003771279
0.000240827
5.070428e-05
1.734452e-05
3.457514e-05
1.734452e-05
2.163979e-05
1.734452e-05
2.163979e-05
5.047659e-06
7.402367e-06
5.047659e-06
5.047659e-06
7.008626e-05
0.00050933
0.0001482269
2.163979e-05
5.047659e-06
5.070428e-05
1.595831e-05
0.000167521
5.070428e-05
0.0002098356
0.0001301654
0.0001482269
0.000240827
0.0001810721
0.0004188891
0.0003473111
2.163979e-05
3.457514e-05
0.0001810721
0.0007762733
0.0002571627
1.182719e-05
2.902141e-05
7.402367e-06
2.163979e-05
1.182719e-05
8.757316e-06
5.070428e-05
0.0001360494
0.0003281467
0.0003977214
0.0009319028
0.0003977214
7.008626e-05
0.0006090665
0.0009815009
0.002183546
0.0006354626
7.008626e-05
5.070428e-05
5.070428e-05
1.538271e-05
4.064002e-05
1.08978
96
7
2.75
2
0.05219
0.04
0.05830303
0.0435267
0.008590067
0.05
0.07815
0.02306
0.24063
0.01478
2.014828
0.05851796
0.03432
0.42924
1.012
40
275
135
2000
52395.35
0.04084459
1.106171
0.07806014
0.3256532
0.8802396
0.6001901
2.3
0.04084459
50
