4.06e-14
1.64e-14
4.01e-15
1.14e-14
4.01e-15
6.04e-16
4.01e-15
4.01e-15
6.04e-16
1.67e-15
9.11e-17
6.04e-16
1.71e-16
4.01e-15
1.59e-12
4.89e-14
7.29e-15
9.11e-17
1.53e-17
3.29e-16
4.53e-16
4.53e-16
4.53e-16
9.11e-17
4.53e-16
4.53e-16
6.04e-16
1.5e-16
9.11e-17
1.97e-13
9.1e-15
2.26e-17
2.26e-17
5.73e-15
4.63e-14
9.11e-17
5.73e-15
2.94e-14
9.81e-14
1.51e-15
9.94e-16
1.21e-14
7.78e-15
1.01e-13
1.14e-14
2.57e-15
3.54e-15
2.57e-15
1.92e-14
5.2e-15
6.35e-14
6.44e-14
5.87e-15
6.54e-14
2.71e-16
6.98e-15
1.24e-16
2.28e-16
4e-15
1.2e-13
1.2e-12
1.2e-12
1.2e-12
0.0012
0.00017
0.00015
0.0055
0.00081
0.00014
0.019
0.0013
0.0013
0.00073
0.00073
0.00032
1e-05
0.00042
0.0037
0.0019
0.0013
0.01
0.0019
0.00047
0.0064
0.00081
0.0037
0.0019
0.00081
0.00059
0.00059
0.05
0.0037
3e-05
3e-05
0.00018
0.00012
0.00024
0.00021
0.0012
2e-05
1e-05
1e-05
1e-05
0.0047
8e-05
0.013
0.015
0.015
3e-05
3e-05
3e-05
1e-05
1e-04
1e-04
2e-05
0.05
0.05
0.00059
0.0013
1e-04
1e-04
1e-04
5e-05
5e-05
5e-05
0.00017
2e-04
0.11
0.0061
0.0058
0.015
0.0039
0.2
0.0042
0.057
0.0071
0.00024
0.00047
0.00024
0.0047
0.0033
0.0054
0.0039
0.0079
0.00011
0.0053
0.00075
8e-05
0.00057
0.00031
0.015
7e-05
0.00032
0.0019
7e-05
0.0027
7e-05
0.0048
0.0048
2e-05
0.0023
4e-05
1e-05
4e-05
4e-05
1e-05
0.0023
0.00015
9e-05
6e-05
9e-05
3e-05
0.0015
0.00015
0.00015
1e-05
0.0033
0.08
0.0027
0.0023
4e-05
2e-05
2e-05
5.8
9e-05
0.00013
0.00013
0.0013
0.00029
0.00019
2e-05
1e-05
1e-05
1e-05
1e-05
2e-05
1e-05
1e-04
2e-05
9.4e-08
0.0033
0.029
0.77
0.85
0.029
1.8
0.33
0.85
110
0.33
3e-08
0.00035
0.00013
0.00018
0.00018
0.0012
0.0023
0.045
0.045
0.045
0.0023
0.001
0.001
0.03
0.0056
0.012
0.012
0.012
0.0056
0.0023
0.0023
0.0065
0.3
0.0056
0.0056
0.0056
0.0056
0.0056
0.0012
0.0012
0.00092
0.00092
0.72
9e-05
0.0056
5.8
5.8
6.3e-10
6.3e-10
4.1e-08
2.8e-08
0.00092
0.00057
2e-05
1e-05
0.00069
0.0056
0.0012
0.0023
0.00069
9e-05
8e-05
9e-05
1e-05
0.00015
0.00035
2e-04
0.011
0.00069
0.0056
0.0056
0.0041
0.015
1e-05
9e-05
0.00015
0.00029
0.00019
0.00014
1e-05
1e-05
0.095
0.017
0.033
0.013
0.19
0.23
0.08
0.44
0.19
0.76
0.26
1.4
0.064
0.43
0.21
1.1
0.37
1.3
0.33
0.081
0.049
24
0.48
0.15
0.25
0.66
0.3
0.095
0.3
8.6
2
0.24
0.3
3.8
5.1
0.039
0.036
0.027
0.0031
0.025
0.036
0.11
0.0056
0.61
1
0.71
0.0035
2.2
14
0.6
0.23
5.5
4
0.33
4.1
4.7
0.6
0.6
0.42
0.38
0.17
11
0.88
750
464
320
435
370
770
102737
55590
6566
18519
30408
2281
240
188
