2.43e-08
6.52e-06
2.97e-06
5.71e-06
4.22e-06
3.64e-06
3.58e-06
6.58e-06
5.55e-06
9.9e-06
7.79e-06
6.35e-06
9.36e-06
3.37e-08
3.37e-08
3.37e-08
3.37e-08
3.37e-08
3.37e-08
3.37e-08
3.37e-08
3.37e-08
3.37e-08
3.37e-08
3.37e-08
1.07e-06
1.49e-05
1.31e-05
3.56e-06
2.44e-06
2.97e-06
1.42e-05
6.57e-06
0.003511145
0.006254262
0.00018285
0.008981887
0.000144506
0.001836109
0.002849709
0.002849709
0.004870044
0.002045128
0.000881114
3.63e-08
3.63e-08
3.63e-08
3.63e-08
3.63e-08
3.63e-08
3.63e-08
3.63e-08
3.63e-08
3.63e-08
3.63e-08
6.5e-06
2.19e-06
0.000163927
0.000722377
5.62e-05
8.34e-05
0.000224565
0.000450774
7.31e-07
2.75e-06
8.28e-09
3.37e-05
5.64e-06
5.17e-09
3.61e-08
3.61e-06
3.61e-06
4.5e-05
4.5e-05
0.001585582
0.003071127
0.000446808
0.004534407
0.00077872
0.000982612
0.000399681
0.00031475
0.001337133
0.007809272
0.000659176
0.000286751
0.129558
0.000277793
1.256224
1.256224
0.3532739
0.003643113
0.001867034
0.4342685
0.000342207
0.00042901
2.048
0.4672
0.3043
0.7
0.78
0.2255
0.8696
0.3265
0.12125
1.4575
3.057
0.401
0.6555
0.359
0.28915
0.05145
0.3975
0.158
2.4
0.8735
0.165
0.338
0.095
0.7545
0.0209
0.7735
0.0481
0.3675
1.1865
0.4245
1.65
0.5185
1.0405
0.6135
0.107
0.11
0.04695
0.369
0.0412
0.0795
0.415
1.314
0.875
0.0242
0.404
0.27
4.32e-08
9.74e-07
8.6e-08
8.6e-08
1.2e-07
3.22e-07
5e-09
6.13e-09
6.13e-09
8.84e-06
2.382e-06
1.429e-06
1.73e-06
4.84e-08
1.67e-08
3.1e-08
5.2e-08
3.253e-06
3e-09
7e-09
2e-08
2e-08
4e-08
3.1e-08
3.1e-08
3.1e-08
5.2e-08
2.8e-08
2.9e-08
9.72e-07
2.55e-05
4.31e-07
2.89e-05
9.96e-05
2.3e-05
3.54e-05
2.54e-05
0.000523725
3.32e-05
2.97e-05
4.29e-07
2.5e-05
9.96e-05
2.62e-05
4.17e-05
1.97e-05
5.51e-05
2.08e-05
2.11e-05
2.05e-05
2.38e-05
2.45e-05
9.96e-05
2.21e-09
1.2e-10
3.33e-10
3.33e-10
2.66e-09
1.31e-09
4.26e-10
6.18e-09
4.19e-09
4.95e-10
6.28e-10
2.36e-09
2.97e-10
1.48e-10
5.31e-11
1.36e-09
9.24e-11
2.59e-10
6.28e-10
1.2e-09
1.57e-08
5.79e-08
1.57e-08
3.72e-08
1.01e-07
1.38e-09
1.43e-07
1.43e-07
8.27e-08
1.17e-08
7.49e-08
7.49e-08
4.31e-08
4.31e-08
1.17e-08
8.99e-07
5.17e-07
1.98e-08
1.7e-09
2.83e-09
4.31e-08
1.01e-07
1.3e-10
3.74e-09
2.2e-09
5.23e-08
8.32e-10
3.37e-09
3.564e-05
2.22e-07
2.99e-07
8.52e-08
8.52e-08
3.65e-08
4.26e-07
8.52e-08
4.26e-07
1.17e-06
2.41e-07
2.66e-07
2.66e-07
6.91e-14
1.05e-07
1.97e-08
4.32e-12
3.32e-06
1.3e-06
1.3e-06
4.1e-06
1.44e-07
0.000102865
9.21e-05
1.43e-05
