0.000838
0.000624
0.000282
2.04e-05
0.000505
0.373
0.027
0.000282
0.000505
2.29e-08
3.27e-05
0.000103
1.18e-05
4.99e-05
2.04e-05
0.000282
2.04e-05
7.29e-05
2.04e-05
0.000282
0.027
2.04e-05
0.00101
0.000319
0.000282
6.06e-05
6.06e-05
0.000282
2.04e-05
0.000103
4.38e-06
8.74e-06
9.76e-20
3.16e-23
5.8e-19
3.03e-21
4.37e-22
5.35e-13
4.01e-08
9.28e-05
9.39e-08
5.88e-08
2.1e-07
9.44e-07
8.13e-08
3.21e-08
1.9e-07
9.39e-08
1.72e-07
1.08e-07
1.38e-07
4.9e-08
2.1e-07
8.13e-08
5.88e-08
3.7e-07
1.23e-05
1.73e-06
1.18e-06
1.18e-05
5.05e-06
2.39e-06
1.18e-06
3.46e-05
2.9e-05
8.76e-06
2.64e-05
4.01e-08
7.37e-07
1.18e-06
1.35e-05
7.4e-06
7.37e-07
2.39e-06
7.4e-06
6.99e-07
9.44e-07
7.76e-07
3e-06
3.41e-06
4.31e-07
1.44e-06
9.44e-07
1.18e-06
1.44e-06
1.73e-06
8.76e-06
3.16e-06
1.23e-06
2.53e-06
1.49e-06
1.73e-05
7.4e-06
5.05e-06
4.33e-06
2.84e-06
2.32e-06
3.75e-07
1.38e-07
3.16e-06
3.48e-07
5.05e-06
1.18e-06
6.17e-06
8.16e-07
8.76e-06
3.46e-05
7.4e-06
8.06e-06
0.00194
0.00638
0.00435
5.05e-06
1.18e-05
1.18e-06
0.0187
0.000148
2.76e-06
0.00638
0.00194
0.0255
0.00149
0.000932
0.0187
0.0274
0.000635
0.0187
0.000635
0.00638
0.000148
0.000635
4.05e-06
7.93e-06
9.93e-06
8.06e-06
7.4e-06
7.8e-06
2.49e-05
2.12e-05
7.4e-06
4.39e-05
5.43e-05
5.43e-05
9.33e-06
2.4e-05
3.46e-05
1.73e-05
2.16e-05
2.16e-05
1.18e-05
0.000635
0.00302
7.4e-06
1.13e-06
3.21e-08
0.000148
3e-04
5.43e-05
3.17e-05
5.07e-05
0.000635
0.000635
0.000217
8.76e-06
0.000932
2.16e-05
0.000119
9.28e-05
3.46e-05
1.18e-05
3e-04
1.54e-05
1.02e-05
1.18e-05
4.05e-06
5.07e-05
0.000776
0.0011
5.07e-05
5.07e-05
1.02e-05
0.000148
0.000181
0.000217
2.39e-06
7.4e-06
3.46e-05
9.28e-05
2.16e-05
0.000257
5.05e-06
5.07e-05
1.73e-06
1.18e-05
3.46e-05
3.46e-05
3.16e-06
1.18e-05
2.31e-07
0.00302
0.000635
0.00272
0.000377
0.000635
0.00435
3e-04
0.00149
0.000932
9.28e-05
0.000273
1.18e-05
0.000148
0.00302
0.000776
0.00638
0.000776
0.000635
0.000257
0.000267
0.000635
0.000533
5.97e-05
0.0187
0.00272
3.34e-06
0.000283
0.000257
0.00171
7.01e-05
1.02e-05
2.64e-05
0.000704
0.000225
0.000635
5.07e-05
0.000108
0.00302
0.000932
20.3
0.0767
2.01
0.0585
0.0343
0.429
3.4
0.515
0.199
0.432
0.555
0.0121
6.15
0.0782
0.0231
0.241
0.0148
0.00539
0.00108
0.0214
0.00108
4000
0.00506
0.0702
0.0236
0.00227
0.00269
0.217
10.1
0.0224
0.648
1.97
4.35
0.993
0.0472
18.1
1.36
12.1
0.993
0.0472
0.235
0.0336
1.05
50
6.6
45
0.251
0.00392
4
4.67
2.95
14
7
1
0.131
0.0273
0.347
0.0712
4.5
0.0609
0.956
16
9.5
0.0522
0.167
0.133
1
2
0.1
1.5
32
3.11
25
8
46.8
10.1
173
0.989
2
2.37
4.01
2.57
4.29
0.107
0.0249
1.33
0.0925
0.138
