2.43e-08
9.12e-06
3.61e-06
1.9e-06
4.11e-06
4.12e-06
6.08e-06
4.58e-06
2.44e-06
5.01e-06
3.37e-06
1.81e-05
4.45e-06
3.58e-06
3.68e-06
3.37e-08
3.37e-08
3.37e-08
3.37e-08
3.37e-08
3.37e-08
3.37e-08
3.37e-08
3.37e-08
3.37e-08
3.37e-08
3.37e-08
3.37e-08
3.37e-08
1.48e-06
6.57e-06
5.65e-06
2.35e-06
2.18e-05
0.000845865
0.00059693
1.24e-06
1.2e-06
2.74e-06
8.28e-09
3.37e-05
5.01e-06
2.46e-06
7.27e-06
5.17e-09
5.42e-06
3.22e-08
3.61e-08
2.72e-06
4.38e-06
6.22e-07
3.61e-06
3.61e-06
4.5e-05
4.5e-05
0.001782922
0.005142535
0.004324152
0.00042451
0.005181536
0.01467452
0.009476683
0.1256156
1.256224
0.3532739
0.4342685
0.00139483
2.048
0.000537496
0.4672
0.78
0.2255
0.8696
0.1476
1.4575
3.057
0.3654
0.6555
0.28915
4.1
2.2545
0.05145
0.3975
0.219
0.158
2.4
0.8735
0.97
0.165
0.7545
0.1045
0.0209
0.7735
0.3675
0.9465
1.65
0.416
0.06085
0.5185
1.0405
0.6135
0.136
0.345
0.11
0.369
0.415
0.875
0.0242
0.404
0.27
9.74e-07
8.6e-08
1.2e-07
3.22e-07
5e-09
1.05e-07
8.84e-06
2.382e-06
1.429e-06
1.73e-06
4.84e-08
3.1e-08
5.2e-08
3.253e-06
7e-09
2e-08
4e-08
3.1e-08
3.1e-08
3.1e-08
5.2e-08
2.8e-08
2.9e-08
3.42e-05
4.31e-07
3.96e-05
2.84e-05
4.84e-05
3.36e-05
4.4e-05
3.97e-05
3.73e-07
3.54e-05
6.94e-06
6.16e-06
3.62e-05
5.73e-05
2.71e-05
6.97e-05
2.94e-05
2.92e-05
2.78e-05
3.33e-05
4.5945e-05
3.2e-05
2.21e-09
1.2e-10
3.33e-10
2.66e-09
1.31e-09
4.26e-10
6.18e-09
4.19e-09
4.95e-10
6.28e-10
2.36e-09
2.97e-10
1.48e-10
5.31e-11
1.36e-09
9.24e-11
2.59e-10
1.07e-10
6.28e-10
1.2e-09
1.57e-08
5.79e-08
1.57e-08
3.72e-08
1.01e-07
1.38e-09
1.7e-09
1.87e-07
8.27e-08
1.17e-08
5.61e-08
8.72e-08
8.27e-08
4.31e-08
1.17e-08
1.17e-08
1.58e-07
1.98e-08
2.83e-09
4.31e-08
1.3e-10
3.74e-09
2.2e-09
5.23e-08
8.32e-10
5.28e-08
3.37e-09
3.09e-09
3.564e-05
2.22e-07
3.65e-08
4.26e-07
4.26e-07
1.17e-06
1.98e-07
2.41e-07
1.97e-08
4.32e-12
1.3e-06
4.1e-06
0.000236233
0.000117806
0.000161988
