2.43e-08
2.88e-06
3.24e-06
3.37e-08
3.37e-08
1.93e-06
1.62e-06
0.000354782
0.006596379
0.02607387
0.04466194
0.01865208
0.1529917
0.006569518
0.02007948
0.009808112
3.63e-08
3.63e-08
3.63e-08
3.63e-08
3.63e-08
3.63e-08
3.63e-08
3.63e-08
3.63e-08
7.36e-06
2.02e-06
0.00121373
0.000210345
5.73e-06
8.28e-09
9.42e-06
3.37e-05
4.61e-06
5.17e-09
2.43e-06
3.61e-08
1.04e-05
3.61e-06
3.61e-06
6.86e-06
4.5e-05
9.42e-06
4.5e-05
0.004749048
0.008194184
0.001168501
0.008292046
0.001861304
0.02693887
0.002592617
0.000338089
0.003678311
0.000505017
0.01941527
0.02464927
0.02856799
0.03536811
1.314954
0.4672
0.3043
0.65
0.3995
0.78
0.2255
0.8696
0.1476
0.21125
0.401
0.364
0.6555
0.359
0.36
2.2545
0.05145
2.4
0.8735
0.241
0.165
0.338
0.095
0.7545
0.1045
0.34
0.0209
0.3675
1.1865
0.416
0.5185
1.0405
0.56
0.04695
0.369
0.0441
0.95
1.314
0.0242
0.404
0.27
6
9.74e-07
8.6e-08
1.2e-07
3.22e-07
5e-09
8.84e-06
2.382e-06
1.429e-06
1.73e-06
3.1e-08
5.2e-08
3.253e-06
3e-09
7e-09
2e-08
4e-08
3.1e-08
3.1e-08
3.1e-08
5.2e-08
2.8e-08
2.9e-08
4.34e-05
4.31e-07
4.89e-05
3.95e-05
5.81e-05
4.18e-05
5.37e-05
5.44e-05
4.85e-07
4.35e-05
4.3e-05
6.65e-05
3.36e-05
9.46e-05
3.58e-05
3.63e-05
3.69e-05
3.82e-05
3.6e-05
2.21e-09
1.2e-10
3.33e-10
2.66e-09
1.31e-09
4.26e-10
6.18e-09
4.19e-09
4.95e-10
6.28e-10
2.36e-09
2.97e-10
1.48e-10
5.31e-11
1.36e-09
9.24e-11
2.59e-10
6.28e-10
1.2e-09
1.57e-08
5.79e-08
1.57e-08
3.72e-08
1.01e-07
1.38e-09
1.7e-09
8.27e-08
1.17e-08
5.28e-08
5.23e-08
1.98e-08
1.7e-09
2.83e-09
4.31e-08
1.3e-10
3.74e-09
2.2e-09
5.23e-08
8.32e-10
5.28e-08
3.37e-09
3.09e-09
1.7e-09
3.564e-05
2.22e-07
5.76e-09
8.52e-08
3.65e-08
4.26e-07
8.52e-08
1.17e-06
2.41e-07
1.05e-07
1.05e-07
4.32e-12
4.1e-06
4.1e-06
1.44e-07
0.000245826
2.89e-05
